free_thresh: 0.90
negate: 0
origin: [-10.000000, -10.000000, 0.0]
resolution: 0.050000
mode: trinary
occupied_thresh: 0.95
image: corridor.pgm
